4294967294,812
4294967294,811
4294967294,810
4294967294,809
4294967294,808
4294967278,269
4294967294,807
4294967294,806
4294967294,805
4294967294,804
4294967294,803
4294967294,802
4294967294,801
4294967294,800
4294967294,799
4294967294,798
4294967294,797
4294967294,796
4294967294,795
4294967294,794
4294967294,793
4294967294,792
4294967294,791
4294967294,165
4294967294,790
4294967294,772
4294967294,127
4294967294,204
4294967294,789
4294967294,788
4294967294,787
4294967294,203
4294967294,786
4294967294,785
4294967294,784
4294967294,202
4294967294,783
4294967294,782
4294967294,781
4294967294,201
4294967294,780
4294967294,779
4294967294,200
4294967294,778
4294967294,777
4294967294,776
4294967294,775
4294967294,170
4294967294,199
4294967294,774
4294967294,773
4294967294,168
4294967294,771
4294967294,198
4294967294,770
4294967294,769
4294967294,197
4294967294,768
4294967294,196
4294967279,289
4294967278,268
4294967294,575
4294967294,574
4294967278,267
4294967278,266
4294967278,265
4294967278,264
1,5
1,4
1,3
1,1
1,0
4294967278,263
4294967294,573
4294967279,288
4294967294,572
4294967294,571
4294967294,570
4294967279,287
4294967294,569
4294967294,564
4294967294,568
4294967294,567
4294967294,565
4294967294,566
4294967294,524
4294967294,563
4294967294,562
4294967294,728
4294967294,727
4294967294,726
4294967294,725
4294967294,724
4294967294,723
4294967294,722
4294967294,721
4294967294,720
4294967294,719
4294967294,718
4294967294,717
4294967294,716
4294967294,715
4294967294,714
4294967294,713
4294967294,561
4294967294,560
4294967294,546
4294967294,545
4294967294,712
4294967294,711
4294967294,710
4294967294,709
4294967294,708
4294967294,707
4294967294,706
4294967294,705
4294967294,704
4294967294,559
4294967294,558
4294967294,557
4294967294,556
4294967294,555
4294967294,554
4294967294,553
4294967294,552
4294967294,551
4294967294,550
4294967294,549
4294967294,548
4294967294,547
4294967294,520
4294967294,544
4294967294,543
4294967294,542
4294967294,541
4294967294,540
4294967294,539
4294967294,538
4294967294,537
4294967294,536
4294967294,535
4294967294,534
4294967294,533
4294967294,532
4294967294,531
4294967294,530
4294967294,529
4294967294,528
4294967294,527
4294967294,526
4294967278,262
4294967294,525
4294967279,286
4294967278,261
4294967278,260
4294967279,285
4294967294,523
4294967278,259
4294967278,258
4294967279,284
4294967294,522
4294967294,521
4294967279,283
4294967279,282
4294967279,281
4294967294,519
4294967279,280
4294967294,665
4294967294,664
4294967294,663
4294967294,662
4294967294,661
4294967294,660
4294967294,659
4294967294,658
4294967294,657
4294967294,656
4294967294,655
4294967294,654
4294967294,653
4294967294,518
4294967294,652
4294967294,312
4294967294,651
4294967294,650
4294967294,649
4294967294,648
4294967294,647
4294967294,646
4294967294,645
4294967294,644
4294967294,643
4294967294,642
4294967294,641
4294967294,640
4294967294,639
4294967294,638
4294967294,637
4294967294,636
4294967294,635
4294967294,634
4294967294,633
4294967294,632
4294967294,631
4294967294,630
4294967294,516
4294967294,629
4294967294,517
4294967294,316
4294967294,628
4294967294,627
4294967294,626
4294967294,625
4294967294,624
4294967294,623
4294967294,622
4294967294,621
4294967294,620
4294967294,619
4294967294,618
4294967294,617
4294967294,616
4294967294,615
4294967294,614
4294967294,613
4294967294,612
4294967294,611
4294967294,610
4294967294,609
4294967294,608
4294967294,607
4294967294,606
4294967294,605
4294967294,604
4294967294,603
4294967294,602
4294967294,601
4294967294,600
4294967294,599
4294967294,598
4294967294,597
4294967294,596
4294967294,595
4294967294,594
4294967294,593
4294967294,592
4294967294,591
4294967294,590
4294967278,257
4294967294,589
4294967294,588
4294967294,293
4294967294,587
4294967294,586
4294967294,585
4294967294,584
4294967294,583
4294967294,582
4294967294,581
4294967294,580
4294967294,579
4294967294,578
4294967294,577
4294967294,576
4294967294,511
4294967294,510
4294967294,509
4294967294,515
4294967294,319
4294967294,508
4294967294,507
4294967294,506
4294967294,505
4294967294,504
4294967294,503
4294967294,514
4294967294,512
4294967294,502
4294967294,501
4294967294,500
4294967294,499
4294967294,498
4294967294,497
4294967294,496
4294967294,495
4294967294,513
4294967294,304
4294967294,494
4294967294,493
4294967294,305
4294967294,492
4294967294,491
4294967294,490
4294967294,489
4294967294,488
4294967294,487
4294967294,486
4294967294,485
4294967294,484
4294967294,483
4294967294,482
4294967294,481
4294967294,480
4294967294,479
4294967294,478
4294967294,477
4294967294,476
4294967294,475
4294967294,474
4294967294,473
4294967294,472
4294967294,471
4294967294,470
4294967294,469
4294967294,468
4294967294,467
4294967294,466
4294967294,465
4294967294,464
4294967294,463
4294967294,462
4294967294,461
4294967294,460
4294967294,459
4294967294,458
4294967294,457
4294967294,456
4294967294,318
4294967294,455
4294967294,454
4294967294,453
4294967294,452
4294967294,451
4294967294,450
4294967294,449
4294967294,448
4294967294,447
4294967294,446
4294967294,445
4294967294,444
4294967294,443
4294967294,442
4294967278,256
4294967294,441
4294967294,317
4294967294,440
4294967294,439
4294967294,306
4294967294,438
4294967294,437
4294967294,315
